image: 201.pgm
resolution: 0.050000
origin: [-4.631230, -4.989799, 0.000000]
negate: 0
occupied_thresh: 0.65
free_thresh: 0.196

