image: 205_outside.pgm
resolution: 0.050000
origin: [-3.955480, -14.062826, 0.000000]
negate: 0
occupied_thresh: 0.65
free_thresh: 0.196

