image: 205_all.pgm
resolution: 0.050000
origin: [-3.473887, -6.780519, 0.000000]
negate: 0
occupied_thresh: 0.65
free_thresh: 0.196

