image: 205labmap_v2.pgm
resolution: 0.050000
origin: [-3.820275, -7.006054, 0.000000]
negate: 0
occupied_thresh: 0.65
free_thresh: 0.196

