image: 205labmap.pgm
resolution: 0.050000
origin: [-3.520275, -4.056054, 0.000000]
negate: 0
occupied_thresh: 0.65
free_thresh: 0.196

